1001	大街上两个流氓打了俺!	0	0	0	-4	0	-1	0	0	5
1002	俺在过街地道被人打了蒙棍!	0	0	0	-5	0	-1	0	0	5
1003	工商局的追俺超过三个胡同。	0	0	0	-1	0	-1	0	0	5
1004	北京拥挤的交通让俺心焦!	0	0	0	-1	0	-1	0	0	5
1005	开小巴的打俺一耳光!	0	0	0	-1	0	-1	0	0	5
1006	一群民工打了俺!	0	0	0	-5	0	-1	0	0	5
1007	附近胡同的一个小青年砸俺一砖头!	0	0	0	-5	0	-1	0	0	5
1008	附近写字楼一个假保安用电棍电击俺!	0	0	0	-4	0	-1	0	0	5
1009	北京臭黑的小河熏着我了!	0	0	0	-3	0	-1	0	0	5
1010	守自行车的王大婶嘲笑俺没北京户口!	0	0	0	0	-1	-1	0	0	5
1011	北京高温40度!俺热...	0	0	0	-2	0	-1	0	0	5
1012	申奥添了新风景，北京又来沙尘暴!	0	0	0	0	0	-1	0	0	5
1013	俺怜悯地铁口扮演成乞丐的老太太。	-10	0	0	0	0	-1	0	0	5
1014	一个汉子在街头拦住俺：“哥们，给点钱用!	-500	0	0	0	0	-1	0	0	5
1015	一个大个子碰了俺一下，说：“别挤了!	-400	0	0	-1	-1	-1	0	0	5
1016	三个带红袖章的老太太揪住俺：“你是外地人?罚款!	-400	0	0	0	0	-1	0	0	5
1017	两个猛男揪住俺：“交长话附加费、上网费。	-30	0	0	0	0	-1	0	0	5
1018	副主任说：“办经商证?晚上不要去我家给我送钱哦。	-170	0	0	0	0	-1	0	0	5
1019	北京空气污染得厉害,俺去氧吧吸氧...	0	0	0	0	0	-1	0	0	5
1020	厦门的老同学资助俺两部走私汽车！发了！！	0	0	0	0	0	6002	3008	2	5
1021	工商局扫荡后，俺在黑暗角落里发现了老乡丢失的进口香烟。	0	0	0	0	0	6002	3002	10	5
1022	俺老乡回家前把一些山西假白酒（剧毒）给俺!	0	0	0	0	0	6002	3004	10	5
1023	媒体报道：又有日本出口到中国的产品出事了! 出事后日本人死不认帐,拒绝赔偿。村长得知此消息，托人把他用的水货手机（无任何厂商标识）硬卖给您，收您2500元。	0	0	2500	0	0	6002	3007	1	5
1024	黑客入侵银行网络，疯狂修改数据库，我的存款减少了{0}元	0	-50000	0	0	0	-1	0	0	5